0 1 3 7 34 48
1 0 2 12 18 22 23
2 1 3 4 5
3 0 2 12 18
4 2 5 8
5 2 4 6
6 5 7 9
7 0 6 8 12 14 24 52
8 4 7 9
9 6 8 10
10 9 11 34 49 59
11 10 12
12 1 3 7 11 34 41 49 53 59
13 14 15 18 23
14 7 13
15 13 16 17
16 15 17
17 15 16 18 23
18 1 3 13 17 19 20 24 60
19 18 20 23 25 38 54
20 18 19 21 30 34 39 53
21 20
22 1
23 1 13 17 19 24 25 60
24 7 18 23 25 50 52
25 19 23 24 26 27 28 30 36  
26 25 27 28 30 40
27 25 26 28 46 47
28 25 26 27 29 45
29 28 30 45 57
30 20 25 26 29 31 34 35 39 42
31 30 33 34
32 33 34
33 31 32
34 0 10 12 30 31 32 39 42 43
35 30
36 25 37
37 36 38
38 19 37
39 20 30 34 40 41 44
40 26 39 41 47
41 12 39 40 42 49
42 30 34 41
43 34
44 39 45 46
45 28 29 44 46
46 27 44 45 47
47 27 40 46
48 0 49
49 10 12 41 48
50 24 51
51 50
52 7 24 53
53 12 20 52
54 19 55
55 56 58
56 55 57
57 29 56 58
58 57 55
59 10 12
60 18 23